x_pose: 4.785913853317808
y_pose: -6.094902723735679
roll: 0.0
pitch: 0.0
yaw: 3.14