initial_pose:
  x: -1.5999999999999996
  y: -3.900000000000002
  yaw: 0.0
waypoints:
- position:
    x: -1.6999999999999993
    y: -1.200000000000001
    yaw: 0.0
- position:
    x: 1.4000000000000004
    y: -0.3000000000000007
    yaw: 0.0
- position:
    x: 4.800000000000001
    y: -0.10000000000000142
    yaw: 0.0
